2 23 4 2 110 23
2 15 0 2 106 0
2 12 1 2 25 1
2 110 34 2 34 4
2 110 13 2 13 4
2 35 2 2 22 2
2 45 3 2 32 3
2 110 44 2 44 4
2 14 4 2 110 14
2 110 43 2 43 4
2 110 7 1 0 0
2 25 0 2 107 0
2 107 0 2 25 0
1 11 0 2 111 0
2 109 0 2 45 2
2 34 4 2 110 34
1 0 0 2 110 7
2 45 2 2 109 0
2 22 2 2 35 2
2 32 3 2 45 3
2 35 1 2 108 0
2 43 4 2 110 43
2 42 4 2 111 42
2 111 42 2 42 4
2 110 23 2 23 4
2 25 1 2 12 1
2 110 24 2 24 4
2 13 4 2 110 13
2 106 0 2 15 0
2 111 0 1 11 0
2 33 4 2 110 33
2 24 4 2 110 24
2 110 33 2 33 4
2 110 14 2 14 4
2 44 4 2 110 44
2 108 0 2 35 1
