2 75 3 2 72 3
2 75 0 2 105 0
2 30 0 2 33 0
2 112 12 2 102 0
2 23 4 1 4 0
2 72 4 2 70 3
2 112 8 2 52 0
2 30 4 2 33 4
2 33 2 2 83 4
2 27 2 2 30 2
2 66 1 2 70 1
2 75 2 2 72 2
2 72 3 2 75 3
2 30 2 2 27 2
2 112 5 2 100 0
2 27 4 1 5 0
2 77 3 2 75 4
2 89 2 2 109 0
2 30 3 2 33 3
2 30 1 2 33 1
2 83 3 2 86 2
2 70 3 2 72 4
2 33 0 2 30 0
2 75 1 2 77 2
2 106 0 2 77 0
2 89 4 2 86 4
2 75 4 2 77 3
2 33 3 2 30 3
2 86 3 2 89 3
2 89 0 2 108 0
1 5 0 2 27 4
2 23 2 2 66 2
2 52 4 1 0 0
2 101 0 2 112 9
1 0 0 2 52 4
2 33 1 2 30 1
2 33 4 2 30 4
2 89 1 2 107 0
2 77 1 2 81 1
1 4 0 2 23 4
2 66 2 2 23 2
2 105 0 2 75 0
2 89 3 2 86 3
2 70 0 2 103 0
2 86 4 2 89 4
2 104 0 2 72 0
2 109 0 2 89 2
2 102 0 2 112 12
2 81 2 2 23 1
2 77 2 2 75 1
2 52 0 2 112 8
2 100 0 2 112 5
2 72 1 2 70 2
2 70 1 2 66 1
2 72 2 2 75 2
2 77 0 2 106 0
2 83 4 2 33 2
2 103 0 2 70 0
2 107 0 2 89 1
2 70 2 2 72 1
2 23 1 2 81 2
2 86 2 2 83 3
2 108 0 2 89 0
2 81 1 2 77 1
2 112 9 2 101 0
2 72 0 2 104 0
